0.4825048149
0.2429413497
0.2308767438
0.1059191525
0.1404470354
0.0672034547
0.0984806269
0.0506036729
0.0742415488
0.0412015542
0.0583811477
0.0347634256
0.0472114533
0.0298561305
0.0389832556
0.0259053297
0.0327336676
0.0226339027
0.0278748423
0.0198816769
0.0240232833
0.0175421201
0.0209179223
0.0155377295
0.0183758140
0.0138091482
0.0162659418
0.0123096220
0.0144928247
0.0110017154
0.0129857939
0.0098551512
0.0116917901
0.0088452399
0.0105704479
0.0079517327
0.0095906705
0.0071579218
0.0087282024
0.0064499434
0.0079639200
0.0058162361
0.0072825737
0.0052471012
0.0066718832
0.0047343634
0.0061218645
0.0042711031
0.0056243166
0.0038514175
0.0051724687
0.0034702644
0.0047606565
0.0031233076
0.0043841340
0.0028068088
0.0040388796
0.0025175195
0.0037214682
0.0022526179
0.0034289621
0.0020096377
0.0031588301
0.0017864127
0.0029088799
0.0015810393
0.0026771948
0.0013918392
0.0024621002
0.0012173243
0.0022621229
0.0010561682
0.0020759553
0.0009071967
0.0019024424
0.0007693563
0.0017405543
0.0006417036
0.0015893634
0.0005233940
0.0014480464
0.0004136655
0.0013158582
0.0003118319
0.0011921190
0.0002172710
0.0010762177
0.0001294240
0.0009676032
0.0000477768
0.0008657686
0.0000281334
0.0007702494
0.0000987276
0.0006806226
0.0001643933
0.0005965019
0.0002254825
0.0005175266
0.0002823174
0.0004433692
0.0003351942
0.0003737248
0.0003843857
0.0003083115
0.0004301425
0.0002468703
0.0004726937
0.0001891591
0.0005122516
0.0001349524
0.0005490128
0.0000840425
0.0005831579
0.0000362331
0.0006148564
0.0000086566
0.0006442638
0.0000507953
0.0006715227
0.0000903439
0.0006967690
0.0001274478
0.0007201284
0.0001622485
0.0007417146
0.0001948755
0.0007616365
0.0002254508
0.0007799957
0.0002540872
0.0007968852
0.0002808962
0.0008123945
0.0003059767
0.0008266047
0.0003294265
0.0008395929
0.0003513340
0.0008514309
0.0003717821
0.0008621868
0.0003908537
0.0008719247
0.0004086234
0.0008807015
0.0004251590
0.0008885767
0.0004405314
0.0008955998
0.0004548011
0.0009018183
0.0004680287
0.0009072833
0.0004802728
0.0009120349
0.0004915819
0.0009161141
0.0005020108
0.0009195618
0.0005116044
0.0009224135
0.0005204091
0.0009247027
0.0005284678
0.0009264629
0.0005358215
0.0009277230
0.0005425066
0.0009285128
0.0005485602
0.0009288602
0.0005540159
0.0009287903
0.0005589072
0.0009283274
0.0005632658
0.0009274930
0.0005671196
0.0009263121
0.0005704965
0.0009248033
0.0005734209
0.0009229854
0.0005759206
0.0009208778
0.0005780179
0.0009184983
0.0005797353
0.0009158626
0.0005810941
0.0009129867
0.0005821129
0.0009098845
0.0005828142
0.0009065717
0.0005832110
0.0009030607
0.0005833264
0.0008993633
0.0005831737
0.0008954909
0.0005827667
0.0008914582
0.0005821222
0.0008872738
0.0005812533
0.0008829460
0.0005801739
0.0008784868
0.0005788952
0.0008739047
0.0005774312
0.0008692099
0.0005757920
0.0008644061
0.0005739881
0.0008595064
0.0005720295
0.0008545145
0.0005699266
0.0008494398
0.0005676886
0.0008442886
0.0005653230
0.0008390648
0.0005628383
0.0008337758
0.0005602445
0.0008284282
0.0005575465
0.0008230265
0.0005547535
0.0008175764
0.0005518701
0.0008120816
0.0005489029
0.0008065477
0.0005458575
0.0008009793
0.0005427413
0.0007953802
0.0005395608
0.0007897522
0.0005363170
0.0007841028
0.0005330173
0.0007784329
0.0005296655
0.0007727453
0.0005262680
0.0007670447
0.0005228268
0.0007613348
0.0005193464
0.0007556174
0.0005158316
0.0007498935
0.0005122852
0.0007441686
0.0005087089
0.0007384438
0.0005051065
0.0007327208
0.0005014827
0.0007270016
0.0004978403
0.0007212898
0.0004941802
0.0007155873
0.0004905052
0.0007098941
0.0004868181
0.0007042121
0.0004831227
0.0006985459
0.0004794206
0.0006928919
0.0004757103
0.0006872555
0.0004719989
0.0006816369
0.0004682839
0.0006760377
0.0004645698
0.0006704573
0.0004608566
0.0006648991
0.0004571490
0.0006593643
0.0004534451
0.0006538527
0.0004497459
0.0006483663
0.0004460551
0.0006429031
0.0004423717
0.0006374680
0.0004386986
0.0006320598
0.0004350375
0.0006266776
0.0004313868
0.0006213244
0.0004277490
0.0006159991
0.0004241252
0.0006107045
0.0004205145
0.0006054398
0.0004169187
0.0006002057
0.0004133396
0.0005950015
0.0004097763
0.0005898289
0.0004062299
0.0005846890
0.0004027020
0.0005795807
0.0003991928
0.0005745040
0.0003957031
0.0005694609
0.0003922321
0.0005644504
0.0003887797
0.0005594734
0.0003853478
0.0005545300
0.0003819373
0.0005496219
0.0003785472
0.0005447455
0.0003751777
0.0005399035
0.0003718305
0.0005350970
0.0003685039
0.0005303230
0.0003651995
0.0005255826
0.0003619185
0.0005208775
0.0003586579
0.0005162079
0.0003554206
0.0005115727
0.0003522076
0.0005069701
0.0003490159
0.0005024029
0.0003458466
0.0004978711
0.0003427034
0.0004933737
0.0003395826
0.0004889127
0.0003364831
0.0004844842
0.0003334079
0.0004800893
0.0003303559
0.0004757298
0.0003273282
0.0004714038
0.0003243228
0.0004671142
0.0003213417
0.0004628571
0.0003183847
0.0004586345
0.0003154501
0.0004544463
0.0003125388
0.0004502917
0.0003096499
0.0004461696
0.0003067870
0.0004420811
0.0003039455
0.0004380271
0.0003011283
0.0004340066
0.0002983334
0.0004300186
0.0002955617
0.0004260642
0.0002928143
0.0004221434
0.0002900884
0.0004182551
0.0002873857
0.0004143994
0.0002847044
0.0004105773
0.0002820482
0.0004067849
0.0002794154
0.0004030261
0.0002768030
0.0003992971
0.0002742149
0.0003956016
0.0002716472
0.0003919369
0.0002691019
0.0003883038
0.0002665799
0.0003847023
0.0002640793
0.0003811326
0.0002616011
0.0003775936
0.0002591452
0.0003740843
0.0002567098
0.0003706068
0.0002542958
0.0003671572
0.0002519023
0.0003637383
0.0002495311
0.0003603492
0.0002471814
0.0003569908
0.0002448522
0.0003536604
0.0002425434
0.0003503626
0.0002402551
0.0003470927
0.0002379883
0.0003438499
0.0002357410
0.0003406368
0.0002335142
0.0003374517
0.0002313089
0.0003342954
0.0002291221
0.0003311671
0.0002269540
0.0003280658
0.0002248064
0.0003249925
0.0002226792
0.0003219480
0.0002205716
0.0003189277
0.0002184827
0.0003159363
0.0002164124
0.0003129710
0.0002143607
0.0003100326
0.0002123285
0.0003071222
0.0002103150
0.0003042370
0.0002083201
0.0003013769
0.0002063420
0.0002985438
0.0002043843
0.0002957359
0.0002024435
0.0002929531
0.0002005212
0.0002901973
0.0001986166
0.0002874648
0.0001967298
0.0002847565
0.0001948597
0.0002820734
0.0001930073
0.0002794154
0.0001911707
0.0002767807
0.0001893528
0.0002741721
0.0001875516
0.0002715858
0.0001857672
0.0002690237
0.0001839986
0.0002664840
0.0001822477
0.0002639676
0.0001805127
0.0002614744
0.0001787934
0.0002590027
0.0001770901
0.0002565561
0.0001754053
0.0002541300
0.0001737336
0.0002517290
0.0001720777
0.0002493476
0.0001704376
0.0002469886
0.0001688134
0.0002446510
0.0001672041
0.0002423357
0.0001656096
0.0002400428
0.0001640301
0.0002377685
0.0001624655
0.0002355166
0.0001609158
0.0002332861
0.0001593810
0.0002310760
0.0001578592
0.0002288846
0.0001563532
0.0002267146
0.0001548585
0.0002245661
0.0001533814
0.0002224371
0.0001519164
0.0002203267
0.0001504663
0.0002182368
0.0001490284
0.0002161656
0.0001476035
0.0002141129
0.0001461944
0.0002120817
0.0001447983
0.0002100673
0.0001434153
0.0002080742
0.0001420453
0.0002060961
0.0001406875
0.0002041403
0.0001393436
0.0002021994
0.0001380108
0.0002002791
0.0001366921
0.0001983754
0.0001353864
0.0001964895
0.0001340918
0.0001946203
0.0001328085
0.0001927707
0.0001315381
0.0001909379
0.0001302809
0.0001891218
0.0001290357
0.0001873225
0.0001278017
0.0001855399
0.0001265779
0.0001837742
0.0001253672
0.0001820251
0.0001241677
0.0001802919
0.0001229811
0.0001785755
0.0001218040
0.0001768749
0.0001206379
0.0001751911
0.0001194831
0.0001735212
0.0001183394
0.0001718691
0.0001172069
0.0001702309
0.0001160856
0.0001686094
0.0001149755
0.0001670020
0.0001138747
0.0001654103
0.0001127850
0.0001638345
0.0001117047
0.0001622718
0.0001106355
0.0001607258
0.0001095757
0.0001591928
0.0001085270
0.0001576748
0.0001074877
0.0001561707
0.0001064586
0.0001546806
0.0001054388
0.0001532044
0.0001044292
0.0001517432
0.0001034290
0.0001502968
0.0001024380
0.0001488617
0.0001014564
0.0001474414
0.0001004841
0.0001460351
0.0000995211
0.0001446409
0.0000985684
0.0001432598
0.0000976250
0.0001418926
0.0000966880
0.0001405375
0.0000957623
0.0001391955
0.0000948440
0.0001378665
0.0000939351
0.0001365505
0.0000930354
0.0001352467
0.0000921432
0.0001339549
0.0000912603
0.0001326744
0.0000903867
0.0001314059
0.0000895197
0.0001301505
0.0000886619
0.0001289062
0.0000878116
0.0001276750
0.0000869688
0.0001264550
0.0000861362
0.0001252471
0.0000853101
0.0001240484
0.0000844914
0.0001228638
0.0000836821
0.0001216894
0.0000828803
0.0001205262
0.0000820868
0.0001193741
0.0000812989
0.0001182314
0.0000805203
0.0001171017
0.0000797482
0.0001159813
0.0000789836
0.0001148721
0.0000782255
0.0001137741
0.0000774758
0.0001126844
0.0000767326
0.0001116078
0.0000759969
0.0001105405
0.0000752667
0.0001094826
0.0000745449
0.0001084358
0.0000738306
0.0001073983
0.0000731209
0.0001063710
0.0000724196
0.0001053540
0.0000717258
0.0001043454
0.0000710376
0.0001033470
0.0000703558
0.0001023579
0.0000696816
0.0001013773
0.0000690129
0.0001004068
0.0000683516
0.0000994448
0.0000676960
0.0000984930
0.0000670459
0.0000975505
0.0000664033
0.0000966173
0.0000657653
0.0000956934
0.0000651348
0.0000947770
0.0000645090
0.0000938699
0.0000638906
0.0000929702
0.0000632778
0.0000920789
0.0000626706
0.0000911988
0.0000620699
0.0000903243
0.0000614747
0.0000894591
0.0000608852
0.0000886023
0.0000603013
0.0000877539
0.0000597229
0.0000869129
0.0000591502
0.0000860803
0.0000585821
0.0000852561
0.0000580205
0.0000844393
0.0000574626
0.0000836290
0.0000569122
0.0000828272
0.0000563674
0.0000820346
0.0000558263
0.0000812477
0.0000552908
0.0000804700
0.0000547599
0.0000796979
0.0000542346
0.0000789352
0.0000537131
0.0000781780
0.0000531971
0.0000774302
0.0000526868
0.0000766879
0.0000521792
0.0000759531
0.0000516772
0.0000752248
0.0000511827
0.0000745030
0.0000506919
0.0000737906
0.0000502057
0.0000730827
0.0000497242
0.0000723824
0.0000492465
0.0000716876
0.0000487734
0.0000710003
0.0000483040
0.0000703204
0.0000478402
0.0000696462
0.0000473820
0.0000689793
0.0000469266
0.0000683162
0.0000464749
0.0000676606
0.0000460297
0.0000670115
0.0000455873
0.0000663698
0.0000451505
0.0000657337
0.0000447165
0.0000651050
0.0000442881
0.0000644792
0.0000438634
0.0000638608
0.0000434415
0.0000632480
0.0000430262
0.0000626417
0.0000426136
0.0000620428
0.0000422047
0.0000614468
0.0000417996
0.0000608573
0.0000413973
0.0000602733
0.0000409987
0.0000596959
0.0000406057
0.0000591222
0.0000402164
0.0000585541
0.0000398308
0.0000579935
0.0000394480
0.0000574384
0.0000390690
0.0000568870
0.0000386946
0.0000563413
0.0000383221
0.0000558011
0.0000379551
0.0000552665
0.0000375882
0.0000547376
0.0000372278
0.0000542123
0.0000368711
0.0000536907
0.0000365172
0.0000531748
0.0000361651
0.0000526663
0.0000358187
0.0000521615
0.0000354759
0.0000516605
0.0000351351
0.0000511650
0.0000347979
0.0000506733
0.0000344617
0.0000501871
0.0000341311
0.0000497065
0.0000338042
0.0000492278
0.0000334792
0.0000487547
0.0000331579
0.0000482891
0.0000328384
0.0000478243
0.0000325246
0.0000473661
0.0000322126
0.0000469107
0.0000319025
0.0000464600
0.0000315960
0.0000460166
0.0000312934
0.0000455733
0.0000309926
0.0000451375
0.0000306964
0.0000447035
0.0000304002
0.0000442751
0.0000301078
0.0000438485
0.0000298191
0.0000434276
0.0000295322
0.0000430122
0.0000292491
0.0000425996
0.0000289679
0.0000421917
0.0000286894
0.0000417866
0.0000284147
0.0000413842
0.0000281427
0.0000409856
0.0000278708
0.0000405936
0.0000276035
0.0000402033
0.0000273390
0.0000398178
0.0000270745
0.0000394359
0.0000268156
0.0000390578
0.0000265576
0.0000386816
0.0000263024
0.0000383109
0.0000260491
0.0000379430
0.0000257995
0.0000375798
0.0000255527
0.0000372184
0.0000253078
0.0000368599
0.0000250647
0.0000365060
0.0000248235
0.0000361567
0.0000245860
0.0000358103
0.0000243504
0.0000354648
0.0000241147
0.0000351239
0.0000238847
0.0000347868
0.0000236556
0.0000344533
0.0000234284
0.0000341218
0.0000232011
0.0000337958
0.0000229785
0.0000334708
0.0000227578
0.0000331486
0.0000225380
0.0000328301
0.0000223219
0.0000325143
0.0000221077
0.0000322033
0.0000218954
0.0000318931
0.0000216858
0.0000315886
0.0000214791
0.0000312869
0.0000212723
0.0000309851
0.0000210665
0.0000306889
0.0000208654
0.0000303937
0.0000206642
0.0000301013
0.0000204667
0.0000298116
0.0000202693
0.0000295248
0.0000200756
0.0000292435
0.0000198800
0.0000289623
0.0000196882
0.0000286838
0.0000195019
0.0000284091
0.0000193156
0.0000281362
0.0000191275
0.0000278652
0.0000189431
0.0000275979
0.0000187606
0.0000273325
0.0000185817
0.0000270698
0.0000184029
0.0000268100
0.0000182260
0.0000265520
0.0000180509
0.0000262978
0.0000178786
0.0000260463
0.0000177082
0.0000257958
0.0000175387
0.0000255462
0.0000173701
0.0000253012
0.0000172025
0.0000250591
0.0000170376
0.0000248170
0.0000168746
0.0000245795
0.0000167117
0.0000243438
0.0000165515
0.0000241091
0.0000163931
0.0000238782
0.0000162348
0.0000236500
0.0000160793
0.0000234228
0.0000159238
0.0000231992
0.0000157701
0.0000229776
0.0000156201
0.0000227559
0.0000154693
0.0000225361
0.0000153203
0.0000223201
0.0000151722
0.0000221059
0.0000150260
0.0000218935
0.0000148825
0.0000216812
0.0000147410
0.0000214744
0.0000145976
0.0000212677
0.0000144569
0.0000210628
0.0000143182
0.0000208616
0.0000141822
0.0000206605
0.0000140462
0.0000204621
0.0000139102
0.0000202637
0.0000137761
0.0000200709
0.0000136439
0.0000198791
0.0000135126
0.0000196882
0.0000133850
0.0000194982
0.0000132546
0.0000193119
0.0000131279
0.0000191266
0.0000130013
0.0000189422
0.0000128765
0.0000187587
0.0000127517
0.0000185799
0.0000126306
0.0000184011
0.0000125077
0.0000182241
0.0000123885
0.0000180490
0.0000122702
0.0000178739
0.0000121519
0.0000177026
0.0000120346
0.0000175331
0.0000119191
0.0000173636
0.0000118054
0.0000171959
0.0000116900
0.0000170320
0.0000115782
0.0000168690
0.0000114683
0.0000167070
0.0000113575
0.0000165459
0.0000112485
0.0000163885
0.0000111423
0.0000162311
0.0000110343
0.0000160746
0.0000109281
0.0000159219
0.0000108238
0.0000157682
0.0000107205
0.0000156164
0.0000106171
0.0000154665
0.0000105146
0.0000153184
0.0000104131
0.0000151712
0.0000103144
0.0000150241
0.0000102147
0.0000148788
0.0000101170
0.0000147363
0.0000100201
0.0000145957
0.0000099242
0.0000144560
0.0000098282
0.0000143163
0.0000097333
0.0000141803
0.0000096383
0.0000140434
0.0000095461
0.0000139093
0.0000094539
0.0000137761
0.0000093644
0.0000136439
0.0000092750
0.0000135116
0.0000091866
0.0000133831
0.0000090981
0.0000132537
0.0000090105
0.0000131270
0.0000089230
0.0000130013
0.0000088383
0.0000128765
0.0000087526
0.0000127517
0.0000086688
0.0000126306
0.0000085868
0.0000125077
0.0000085030
0.0000123875
0.0000084201
0.0000122702
0.0000083391
0.0000121519
0.0000082590
0.0000120346
0.0000081789
0.0000119181
0.0000081025
0.0000118054
0.0000080243
0.0000116900
0.0000079470
0.0000115782
0.0000078715
0.0000114674
0.0000077952
0.0000113565
0.0000077188
0.0000112467
0.0000076443
0.0000111386
0.0000075707
0.0000110324
0.0000074981
0.0000109272
0.0000074254
0.0000108229
0.0000073556
0.0000107186
0.0000072839
0.0000106161
0.0000072159
0.0000105137
0.0000071451
0.0000104122
0.0000070771
0.0000103135
0.0000070091
0.0000102129
0.0000069430
0.0000101160
0.0000068760
0.0000100192
0.0000068098
0.0000099223
0.0000067437
0.0000098273
0.0000066785
0.0000097323
0.0000066133
0.0000096373
0.0000065509
0.0000095461
0.0000064867
0.0000094529
0.0000064261
0.0000093635
0.0000063628
0.0000092741
0.0000063013
0.0000091847
0.0000062417
0.0000090972
0.0000061821
0.0000090087
0.0000061244
0.0000089211
0.0000060648
0.0000088345
0.0000060070
0.0000087507
0.0000059474
0.0000086650
0.0000058897
0.0000085831
0.0000058347
0.0000085002
0.0000057779
0.0000084192
0.0000057239
0.0000083391
0.0000056680
0.0000082571
0.0000056159
0.0000081770
0.0000055619
0.0000081006
0.0000055060
0.0000080224
0.0000054538
0.0000079460
0.0000054007
0.0000078678
0.0000053495
0.0000077933
0.0000052983
0.0000077188
0.0000052471
0.0000076443
0.0000051968
0.0000075707
0.0000051484
0.0000074971
0.0000050981
0.0000074245
0.0000050478
0.0000073519
0.0000049993
0.0000072839
0.0000049509
0.0000072150
0.0000049043
0.0000071451
0.0000048568
0.0000070762
0.0000048112
0.0000070091
0.0000047665
0.0000069421
0.0000047199
0.0000068750
0.0000046752
0.0000068098
0.0000046305
0.0000067437
0.0000045858
0.0000066785
0.0000045411
0.0000066124
0.0000044983
0.0000065509
0.0000044554
0.0000064867
0.0000044117
0.0000064261
0.0000043688
0.0000063628
0.0000043260
0.0000063013
0.0000042859
0.0000062417
0.0000042440
0.0000061821
0.0000042049
0.0000061225
0.0000041630
0.0000060629
0.0000041239
0.0000060052
0.0000040848
0.0000059474
0.0000040438
0.0000058897
0.0000040065
0.0000058319
0.0000039684
0.0000057779
0.0000039302
0.0000057239
0.0000038911
0.0000056680
0.0000038520
0.0000056140
0.0000038147
0.0000055600
0.0000037793
0.0000055060
0.0000037421
0.0000054538
0.0000037057
0.0000054007
0.0000036694
0.0000053495
0.0000036350
0.0000052983
0.0000036005
0.0000052471
0.0000035651
0.0000051949
0.0000035316
0.0000051446
0.0000034980
0.0000050943
0.0000034664
0.0000050459
0.0000034319
0.0000049975
0.0000033993
0.0000049509
0.0000033658
0.0000049034
0.0000033341
0.0000048559
0.0000033025
0.0000048093
0.0000032689
0.0000047628
0.0000032382
0.0000047162
0.0000032084
0.0000046715
0.0000031786
0.0000046268
0.0000031488
0.0000045821
0.0000031190
0.0000045383
0.0000030883
0.0000044946
0.0000030575
0.0000044508
0.0000030268
0.0000044079
0.0000029970
0.0000043660
0.0000029691
0.0000043232
0.0000029393
0.0000042813
0.0000029113
0.0000042422
0.0000028852
0.0000042003
0.0000028564
0.0000041611
0.0000028275
0.0000041202
0.0000028014
0.0000040811
0.0000027744
0.0000040419
0.0000027465
0.0000040028
0.0000027213
0.0000039637
0.0000026943
0.0000039265
0.0000026692
0.0000038892
0.0000026431
0.0000038520
0.0000026179
0.0000038147
0.0000025909
0.0000037774
0.0000025677
0.0000037411
0.0000025444
0.0000037048
0.0000025183
0.0000036694
0.0000024941
0.0000036340
0.0000024708
0.0000036005
0.0000024475
0.0000035642
0.0000024233
0.0000035297
0.0000023991
0.0000034971
0.0000023767
0.0000034627
0.0000023544
0.0000034310
0.0000023320
0.0000033956
0.0000023097
0.0000033649
0.0000022873
0.0000033332
0.0000022650
0.0000032997
0.0000022426
0.0000032680
0.0000022212
0.0000032382
0.0000021998
0.0000032075
0.0000021784
0.0000031758
0.0000021569
0.0000031441
0.0000021383
0.0000031143
0.0000021178
0.0000030845
0.0000020973
0.0000030547
0.0000020787
0.0000030249
0.0000020582
0.0000029970
0.0000020377
0.0000029672
0.0000020191
0.0000029393
0.0000019986
0.0000029113
0.0000019781
0.0000028843
0.0000019595
0.0000028554
0.0000019409
0.0000028275
0.0000019241
0.0000028014
0.0000019036
0.0000027744
0.0000018869
0.0000027465
0.0000018673
0.0000027213
0.0000018505
0.0000026943
0.0000018310
0.0000026692
0.0000018142
0.0000026431
0.0000017975
0.0000026179
0.0000017788
0.0000025909
0.0000017630
0.0000025667
0.0000017472
0.0000025406
0.0000017285
0.0000025174
0.0000017118
0.0000024941
0.0000016969
0.0000024708
0.0000016801
0.0000024475
0.0000016633
0.0000024233
0.0000016466
0.0000023991
0.0000016307
0.0000023767
0.0000016158
0.0000023544
0.0000016000
0.0000023311
0.0000015851
0.0000023087
0.0000015702
0.0000022864
0.0000015553
0.0000022650
0.0000015404
0.0000022426
0.0000015255
0.0000022212
0.0000015115
0.0000021998
0.0000014976
0.0000021784
0.0000014827
0.0000021569
0.0000014678
0.0000021383
0.0000014529
0.0000021178
0.0000014398
0.0000020973
0.0000014249
0.0000020787
0.0000014110
0.0000020582
0.0000013961
0.0000020377
0.0000013821
0.0000020191
0.0000013709
0.0000019986
0.0000013579
0.0000019781
0.0000013430
0.0000019595
0.0000013299
0.0000019409
0.0000013169
0.0000019241
0.0000013057
0.0000019036
0.0000012927
0.0000018869
0.0000012815
0.0000018673
0.0000012685
0.0000018505
0.0000012554
0.0000018310
0.0000012424
0.0000018142
0.0000012331
0.0000017975
0.0000012219
0.0000017788
0.0000012089
0.0000017630
0.0000011958
0.0000017472
0.0000011846
0.0000017285
0.0000011744
0.0000017118
0.0000011642
0.0000016969
0.0000011520
0.0000016801
0.0000011418
0.0000016633
0.0000011297
0.0000016466
0.0000011204
0.0000016307
0.0000011083
0.0000016158
0.0000010990
0.0000016000
0.0000010887
0.0000015851
0.0000010766
0.0000015702
0.0000010654
0.0000015553
0.0000010561
0.0000015404
0.0000010468
0.0000015255
0.0000010356
0.0000015115
0.0000010263
0.0000014976
0.0000010170
0.0000014827
0.0000010058
0.0000014678
0.0000009965
0.0000014529
0.0000009872
0.0000014398
0.0000009760
0.0000014249
0.0000009676
0.0000014110
0.0000009583
0.0000013961
0.0000009499
0.0000013821
0.0000009406
0.0000013709
0.0000009295
0.0000013579
0.0000009220
0.0000013430
0.0000009136
0.0000013299
0.0000009052
0.0000013169
0.0000008978
0.0000013057
0.0000008866
0.0000012927
0.0000008782
0.0000012815
0.0000008699
0.0000012685
0.0000008624
0.0000012554
0.0000008550
0.0000012424
0.0000008466
0.0000012331
0.0000008401
0.0000012219
0.0000008317
0.0000012089
0.0000008233
0.0000011958
0.0000008121
0.0000011846
0.0000008047
0.0000011744
0.0000007972
0.0000011642
0.0000007898
0.0000011520
0.0000007823
0.0000011418
0.0000007749
0.0000011297
0.0000007674
0.0000011204
0.0000007600
0.0000011083
0.0000007525
0.0000010980
0.0000007451
0.0000010859
0.0000007385
0.0000010766
0.0000007311
0.0000010654
0.0000007236
0.0000010561
0.0000007171
0.0000010468
0.0000007097
0.0000010356
0.0000007022
0.0000010263
0.0000006948
0.0000010170
0.0000006882
0.0000010058
0.0000006817
0.0000009965
0.0000006761
0.0000009872
0.0000006715
0.0000009760
0.0000006640
0.0000009676
0.0000006575
0.0000009583
0.0000006501
0.0000009499
0.0000006435
0.0000009406
0.0000006370
0.0000009295
0.0000006333
0.0000009220
0.0000006268
0.0000009136
0.0000006203
0.0000009052
0.0000006128
0.0000008978
0.0000006072
0.0000008866
0.0000006035
0.0000008782
0.0000005979
0.0000008699
0.0000005914
0.0000008624
0.0000005849
0.0000008550
0.0000005793
0.0000008466
0.0000005756
0.0000008401
0.0000005690
0.0000008317
0.0000005625
0.0000008233
0.0000005588
0.0000008121
0.0000005532
0.0000008047
0.0000005476
0.0000007972
0.0000005439
0.0000007898
0.0000005383
0.0000007823
0.0000005327
0.0000007749
0.0000005290
0.0000007674
0.0000005234
0.0000007600
0.0000005178
0.0000007525
0.0000005141
0.0000007451
0.0000005085
0.0000007385
0.0000005029
0.0000007311
0.0000004992
0.0000007236
0.0000004936
0.0000007171
0.0000004880
0.0000007097
0.0000004843
0.0000007022
0.0000004787
0.0000006948
0.0000004731
0.0000006882
0.0000004694
0.0000006817
0.0000004647
0.0000006761
0.0000004591
0.0000006715
0.0000004563
0.0000006640
0.0000004508
0.0000006575
0.0000004452
0.0000006501
0.0000004424
0.0000006435
0.0000004368
0.0000006370
0.0000004340
0.0000006333
0.0000004284
0.0000006268
0.0000004256
0.0000006203
0.0000004210
0.0000006128
0.0000004154
0.0000006072
0.0000004135
0.0000006035
0.0000004116
0.0000005979
0.0000004061
0.0000005914
0.0000004023
0.0000005849
0.0000003986
0.0000005793
0.0000003967
0.0000005756
0.0000003912
0.0000005690
0.0000003856
0.0000005625
0.0000003837
0.0000005588
0.0000003800
0.0000005532
0.0000003763
0.0000005476
0.0000003725
0.0000005439
0.0000003688
0.0000005383
0.0000003669
0.0000005327
0.0000003623
0.0000005290
0.0000003595
0.0000005234
0.0000003548
0.0000005178
0.0000003520
0.0000005141
0.0000003465
0.0000005085
0.0000003437
0.0000005029
0.0000003409
0.0000004992
0.0000003390
0.0000004936
0.0000003353
0.0000004880
0.0000003316
0.0000004843
0.0000003278
0.0000004787
0.0000003250
0.0000004731
0.0000003232
0.0000004694
0.0000003185
0.0000004647
0.0000003166
0.0000004591
0.0000003129
0.0000004563
0.0000003111
0.0000004508
0.0000003083
0.0000004452
0.0000003036
0.0000004424
0.0000003017
0.0000004368
0.0000002980
0.0000004340
0.0000002952
0.0000004284
0.0000002934
0.0000004256
0.0000002887
0.0000004210
0.0000002868
0.0000004154
0.0000002831
0.0000004135
0.0000002813
0.0000004116
0.0000002794
0.0000004061
0.0000002775
0.0000004023
0.0000002738
0.0000003986
0.0000002719
0.0000003967
0.0000002682
0.0000003912
0.0000002664
0.0000003856
0.0000002645
0.0000003837
0.0000002626
0.0000003800
0.0000002589
0.0000003763
0.0000002570
0.0000003725
0.0000002533
0.0000003688
0.0000002515
0.0000003669
0.0000002496
0.0000003623
0.0000002477
0.0000003595
0.0000002440
0.0000003548
0.0000002431
0.0000003520
0.0000002412
0.0000003465
0.0000002366
0.0000003437
0.0000002356
0.0000003409
0.0000002338
0.0000003390
0.0000002300
0.0000003353
0.0000002282
0.0000003316
0.0000002272
0.0000003278
0.0000002235
0.0000003250
0.0000002217
0.0000003232
0.0000002198
0.0000003185
0.0000002179
0.0000003166
0.0000002151
0.0000003129
0.0000002142
0.0000003111
0.0000002123
0.0000003083
0.0000002105
0.0000003036
0.0000002068
0.0000003017
0.0000002058
0.0000002980
0.0000002049
0.0000002952
0.0000002030
0.0000002934
0.0000001993
0.0000002887
0.0000001984
0.0000002868
0.0000001974
0.0000002831
0.0000001937
0.0000002813
0.0000001919
0.0000002794
0.0000001919
0.0000002775
0.0000001900
0.0000002738
0.0000001881
0.0000002719
0.0000001853
0.0000002682
0.0000001844
0.0000002664
0.0000001825
0.0000002645
0.0000001807
0.0000002626
0.0000001779
0.0000002589
0.0000001770
0.0000002570
0.0000001760
0.0000002533
0.0000001751
0.0000002515
0.0000001732
0.0000002496
0.0000001695
0.0000002477
0.0000001686
0.0000002440
0.0000001676
0.0000002431
0.0000001658
0.0000002412
0.0000001639
0.0000002366
0.0000001621
0.0000002356
0.0000001602
0.0000002338
0.0000001583
0.0000002300
0.0000001565
0.0000002282
0.0000001555
0.0000002272
0.0000001546
0.0000002235
0.0000001537
0.0000002217
0.0000001527
0.0000002198
0.0000001509
0.0000002179
0.0000001481
0.0000002151
0.0000001471
0.0000002142
0.0000001471
0.0000002123
0.0000001462
0.0000002105
0.0000001453
0.0000002068
0.0000001434
0.0000002058
0.0000001397
0.0000002049
0.0000001388
0.0000002030
0.0000001388
0.0000001993
0.0000001378
0.0000001984
0.0000001341
0.0000001974
0.0000001322
0.0000001937
0.0000001322
0.0000001919
0.0000001304
0.0000001919
0.0000001304
0.0000001900
0.0000001285
0.0000001881
0.0000001267
0.0000001853
0.0000001257
0.0000001844
0.0000001248
0.0000001825
0.0000001248
0.0000001807
0.0000001239
0.0000001779
0.0000001220
0.0000001770
0.0000001192
0.0000001760
0.0000001192
0.0000001751
0.0000001183
0.0000001732
0.0000001183
0.0000001695
0.0000001173
0.0000001686
0.0000001164
0.0000001676
0.0000001155
0.0000001658
0.0000001155
0.0000001639
0.0000001136
0.0000001621
0.0000001099
0.0000001602
0.0000001099
0.0000001583
0.0000001090
0.0000001565
0.0000001090
0.0000001555
0.0000001080
0.0000001546
0.0000001043
0.0000001537
0.0000001034
0.0000001527
0.0000001024
0.0000001509
0.0000001024
0.0000001481
0.0000001006
0.0000001471
0.0000001006
0.0000001471
0.0000001006
0.0000001462
0.0000001006
0.0000001453
0.0000000987
0.0000001434
0.0000000959
0.0000001397
0.0000000959
0.0000001388
0.0000000950
0.0000001388
0.0000000950
0.0000001378
0.0000000931
0.0000001341
0.0000000913
0.0000001322
0.0000000894
0.0000001322
0.0000000894
0.0000001304
0.0000000894
0.0000001304
0.0000000894
0.0000001285
0.0000000885
0.0000001267
0.0000000885
0.0000001257
0.0000000885
0.0000001248
0.0000000875
0.0000001248
0.0000000875
0.0000001239
0.0000000875
0.0000001220
0.0000000866
0.0000001192
0.0000000857
0.0000001192
0.0000000838
0.0000001183
0.0000000810
0.0000001183
0.0000000801
0.0000001173
0.0000000801
0.0000001164
0.0000000792
0.0000001155
0.0000000792
0.0000001155
0.0000000792
0.0000001136
0.0000000792
0.0000001099
0.0000000782
0.0000001099
0.0000000764
0.0000001090
0.0000000745
0.0000001090
0.0000000745
0.0000001080
0.0000000736
0.0000001043
0.0000000726
0.0000001034
0.0000000726
0.0000001024
0.0000000708
0.0000001024
0.0000000708
0.0000001006
0.0000000708
0.0000001006
0.0000000708
0.0000001006
0.0000000708
0.0000001006
0.0000000708
0.0000000987
0.0000000689
0.0000000959
0.0000000671
0.0000000959
0.0000000661
0.0000000950
0.0000000661
0.0000000950
0.0000000652
0.0000000931
0.0000000652
0.0000000913
0.0000000652
0.0000000894
0.0000000652
0.0000000894
0.0000000633
0.0000000894
0.0000000605
0.0000000894
0.0000000596
0.0000000885
0.0000000596
0.0000000885
0.0000000596
0.0000000885
0.0000000596
0.0000000875
0.0000000596
0.0000000875
0.0000000596
0.0000000875
0.0000000596
0.0000000866
0.0000000596
0.0000000857
0.0000000587
0.0000000838
0.0000000587
0.0000000810
0.0000000587
0.0000000801
0.0000000587
Execution time Jacobi Sequential: 0.017 seconds
  is it correct: true  
0.4825048149
0.1627584398
0.0965615883
0.0675567538
0.0512680933
0.0408182070
0.0335321315
0.0281580202
0.0240319520
0.0207680985
0.0181260780
0.0159478318
0.0141248349
0.0125799682
0.0112568438
0.0101132542
0.0091169532
0.0082428921
0.0074713230
0.0067864601
0.0061755516
0.0056281835
0.0051357746
0.0046911873
0.0042884424
0.0039224997
0.0035890732
0.0032845065
0.0030056518
0.0027497932
0.0025145784
0.0022979472
0.0020981003
0.0019134525
0.0017426070
0.0015843268
0.0014375113
0.0013011768
0.0011744481
0.0010565370
0.0009467341
0.0008444032
0.0007489668
0.0006599007
0.0005767280
0.0004990194
0.0004263790
0.0003584493
0.0002948958
0.0002354216
0.0001797471
0.0001276154
0.0000787945
0.0000330675
0.0000097677
0.0000498956
0.0000874856
0.0001226980
0.0001556817
0.0001865728
0.0002154987
0.0002425779
0.0002679192
0.0002916288
0.0003138017
0.0003345273
0.0003538895
0.0003719684
0.0003888365
0.0004045628
0.0004192097
0.0004328424
0.0004455149
0.0004572831
0.0004681963
0.0004783012
0.0004876424
0.0004962627
0.0005042003
0.0005114954
0.0005181786
0.0005242862
0.0005298480
0.0005348939
0.0005394518
0.0005435487
0.0005472088
0.0005504563
0.0005533118
0.0005557965
0.0005579311
0.0005597360
0.0005612271
0.0005624210
0.0005633347
0.0005639829
0.0005643796
0.0005645398
0.0005644746
0.0005641971
0.0005637202
0.0005630534
0.0005622078
0.0005611917
0.0005600154
0.0005586902
0.0005572215
0.0005556196
0.0005538920
0.0005520433
0.0005500829
0.0005480181
0.0005458528
0.0005435944
0.0005412474
0.0005388204
0.0005363151
0.0005337372
0.0005310932
0.0005283840
0.0005256152
0.0005227933
0.0005199201
0.0005169977
0.0005140323
0.0005110260
0.0005079834
0.0005049035
0.0005017929
0.0004986543
0.0004954878
0.0004922971
0.0004890859
0.0004858533
0.0004826039
0.0004793387
0.0004760595
0.0004727691
0.0004694676
0.0004661577
0.0004628412
0.0004595192
0.0004561935
0.0004528640
0.0004495336
0.0004462032
0.0004428746
0.0004395470
0.0004362231
0.0004329020
0.0004295874
0.0004262775
0.0004229750
0.0004196800
0.0004163925
0.0004131142
0.0004098453
0.0004065875
0.0004033409
0.0004001064
0.0003968831
0.0003936728
0.0003904738
0.0003872905
0.0003841221
0.0003809668
0.0003778245
0.0003746990
0.0003715884
0.0003684945
0.0003654165
0.0003623543
0.0003593098
0.0003562812
0.0003532693
0.0003502751
0.0003472976
0.0003443398
0.0003413986
0.0003384762
0.0003355704
0.0003326833
0.0003298149
0.0003269641
0.0003241338
0.0003213212
0.0003185272
0.0003157528
0.0003129970
0.0003102599
0.0003075404
0.0003048424
0.0003021620
0.0002995022
0.0002968591
0.0002942365
0.0002916325
0.0002890471
0.0002864823
0.0002839342
0.0002814075
0.0002788994
0.0002764110
0.0002739392
0.0002714880
0.0002690544
0.0002666395
0.0002642442
0.0002618665
0.0002595093
0.0002571698
0.0002548490
0.0002525467
0.0002502613
0.0002479963
0.0002457481
0.0002435185
0.0002413057
0.0002391124
0.0002369359
0.0002347771
0.0002326360
0.0002305154
0.0002284097
0.0002263216
0.0002242513
0.0002221968
0.0002201609
0.0002181418
0.0002161395
0.0002141558
0.0002121879
0.0002102349
0.0002082987
0.0002063811
0.0002044784
0.0002025925
0.0002007233
0.0001988690
0.0001970325
0.0001952089
0.0001934022
0.0001916112
0.0001898371
0.0001880778
0.0001863316
0.0001846021
0.0001828875
0.0001811888
0.0001795050
0.0001778360
0.0001761802
0.0001745401
0.0001729131
0.0001713019
0.0001697056
0.0001681224
0.0001665531
0.0001649968
0.0001634555
0.0001619291
0.0001604157
0.0001589153
0.0001574270
0.0001559528
0.0001544934
0.0001530461
0.0001516119
0.0001501907
0.0001487806
0.0001473855
0.0001460034
0.0001446316
0.0001432728
0.0001419270
0.0001405925
0.0001392718
0.0001379624
0.0001366641
0.0001353780
0.0001341030
0.0001328401
0.0001315884
0.0001303498
0.0001291204
0.0001279023
0.0001266971
0.0001255013
0.0001243148
0.0001231413
0.0001219800
0.0001208279
0.0001196861
0.0001185555
0.0001174342
0.0001163259
0.0001152251
0.0001141345
0.0001130551
0.0001119860
0.0001109252
0.0001098746
0.0001088344
0.0001078034
0.0001067827
0.0001057703
0.0001047682
0.0001037754
0.0001027910
0.0001018159
0.0001008492
0.0000998937
0.0000989474
0.0000980068
0.0000970755
0.0000961544
0.0000952426
0.0000943374
0.0000934424
0.0000925548
0.0000916738
0.0000908021
0.0000899397
0.0000890847
0.0000882391
0.0000873990
0.0000865683
0.0000857450
0.0000849310
0.0000841217
0.0000833226
0.0000825282
0.0000817431
0.0000809636
0.0000801934
0.0000794288
0.0000786735
0.0000779228
0.0000771824
0.0000764458
0.0000757165
0.0000749957
0.0000742823
0.0000735745
0.0000728723
0.0000721784
0.0000714902
0.0000708075
0.0000701332
0.0000694627
0.0000687996
0.0000681430
0.0000674929
0.0000668494
0.0000662105
0.0000655800
0.0000649542
0.0000643339
0.0000637202
0.0000631101
0.0000625066
0.0000619106
0.0000613201
0.0000607334
0.0000601541
0.0000595804
0.0000590114
0.0000584461
0.0000578873
0.0000573359
0.0000567883
0.0000562444
0.0000557061
0.0000551753
0.0000546481
0.0000541257
0.0000536088
0.0000530947
0.0000525862
0.0000520833
0.0000515841
0.0000510924
0.0000506043
0.0000501201
0.0000496404
0.0000491664
0.0000486951
0.0000482295
0.0000477666
0.0000473093
0.0000468576
0.0000464087
0.0000459654
0.0000455240
0.0000450881
0.0000446578
0.0000442304
0.0000438057
0.0000433885
0.0000429731
0.0000425614
0.0000421517
0.0000417493
0.0000413507
0.0000409540
0.0000405619
0.0000401735
0.0000397889
0.0000394061
0.0000390289
0.0000386536
0.0000382848
0.0000379179
0.0000375547
0.0000371952
0.0000368385
0.0000364846
0.0000361362
0.0000357907
0.0000354480
0.0000351090
0.0000347719
0.0000344394
0.0000341078
0.0000337809
0.0000334568
0.0000331346
0.0000328170
0.0000325050
0.0000321940
0.0000318848
0.0000315793
0.0000312757
0.0000309777
0.0000306815
0.0000303872
0.0000300948
0.0000298051
0.0000295192
0.0000292370
0.0000289567
0.0000286791
0.0000284035
0.0000281306
0.0000278614
0.0000275951
0.0000273306
0.0000270661
0.0000268081
0.0000265501
0.0000262968
0.0000260454
0.0000257958
0.0000255462
0.0000253012
0.0000250591
0.0000248170
0.0000245795
0.0000243438
0.0000241091
0.0000238791
0.0000236500
0.0000234228
0.0000231992
0.0000229776
0.0000227559
0.0000225361
0.0000223210
0.0000221068
0.0000218935
0.0000216831
0.0000214744
0.0000212695
0.0000210665
0.0000208635
0.0000206623
0.0000204630
0.0000202656
0.0000200719
0.0000198800
0.0000196900
0.0000195019
0.0000193156
0.0000191294
0.0000189468
0.0000187643
0.0000185836
0.0000184048
0.0000182278
0.0000180528
0.0000178795
0.0000177091
0.0000175396
0.0000173710
0.0000172053
0.0000170385
0.0000168756
0.0000167135
0.0000165524
0.0000163950
0.0000162367
0.0000160793
0.0000159247
0.0000157710
0.0000156211
0.0000154721
0.0000153240
0.0000151768
0.0000150315
0.0000148872
0.0000147428
0.0000146022
0.0000144625
0.0000143228
0.0000141840
0.0000140499
0.0000139158
0.0000137817
0.0000136495
0.0000135172
0.0000133868
0.0000132583
0.0000131316
0.0000130050
0.0000128821
0.0000127573
0.0000126334
0.0000125133
0.0000123940
0.0000122748
0.0000121575
0.0000120411
0.0000119237
0.0000118082
0.0000116965
0.0000115847
0.0000114739
0.0000113631
0.0000112532
0.0000111442
0.0000110380
0.0000109337
0.0000108294
0.0000107251
0.0000106227
0.0000105202
0.0000104178
0.0000103163
0.0000102185
0.0000101198
0.0000100210
0.0000099260
0.0000098301
0.0000097351
0.0000096438
0.0000095498
0.0000094585
0.0000093691
0.0000092797
0.0000091903
0.0000091027
0.0000090152
0.0000089277
0.0000088401
0.0000087563
0.0000086706
0.0000085887
0.0000085076
0.0000084257
0.0000083447
0.0000082636
0.0000081826
0.0000081034
0.0000080271
0.0000079488
0.0000078734
0.0000077980
0.0000077244
0.0000076508
0.0000075772
0.0000075037
0.0000074310
0.0000073593
0.0000072904
0.0000072187
0.0000071507
0.0000070818
0.0000070129
0.0000069449
0.0000068787
0.0000068117
0.0000067465
0.0000066832
0.0000066180
0.0000065537
0.0000064922
0.0000064289
0.0000063675
0.0000063078
0.0000062482
0.0000061886
0.0000061290
0.0000060704
0.0000060117
0.0000059539
0.0000058953
0.0000058375
0.0000057835
0.0000057258
0.0000056699
0.0000056159
0.0000055637
0.0000055106
0.0000054585
0.0000054063
0.0000053542
0.0000053030
0.0000052508
0.0000052005
0.0000051502
0.0000050999
0.0000050496
0.0000050031
0.0000049565
0.0000049062
0.0000048596
0.0000048112
0.0000047665
0.0000047218
0.0000046771
0.0000046305
0.0000045858
0.0000045430
0.0000045002
0.0000044554
0.0000044126
0.0000043698
0.0000043269
0.0000042869
0.0000042440
0.0000042049
0.0000041639
0.0000041248
0.0000040866
0.0000040457
0.0000040065
0.0000039684
0.0000039311
0.0000038929
0.0000038538
0.0000038166
0.0000037793
0.0000037421
0.0000037067
0.0000036731
0.0000036377
0.0000036014
0.0000035660
0.0000035334
0.0000034980
0.0000034664
0.0000034319
0.0000033993
0.0000033658
0.0000033341
0.0000033025
0.0000032689
0.0000032382
0.0000032084
0.0000031786
0.0000031488
0.0000031190
0.0000030883
0.0000030575
0.0000030268
0.0000029970
0.0000029691
0.0000029393
0.0000029113
0.0000028852
0.0000028564
0.0000028275
0.0000028014
0.0000027744
0.0000027465
0.0000027213
0.0000026943
0.0000026692
0.0000026431
0.0000026179
0.0000025909
0.0000025677
0.0000025444
0.0000025183
0.0000024941
0.0000024708
0.0000024475
0.0000024233
0.0000023991
0.0000023767
0.0000023544
0.0000023320
0.0000023097
0.0000022873
0.0000022659
0.0000022436
0.0000022212
Execution time Gauss-Seidel: 0.009 seconds
  is it correct: true  
